0,-7.82
1,4.08
2,99
3,99
4,8.5
5,-6.17
6,99
7,6.84
8,-3.79
9,3.01
10,-2.91
11,1.31
12,99
13,9.22
14,8.79
15,-3.5
16,99
17,3.16
18,4.22
19,99
20,2.57
21,7.28
22,2.72
23,2.09
24,-3.93
25,99
26,99
27,0.49
28,99
29,99
30,1.94
31,99
32,1.02
33,99
34,5.92
35,-9.66
36,7.18
37,-3.69
38,2.96
39,99
40,-4.95
41,99
42,99
43,0.15
44,8.79
45,7.33
46,8.45
47,-8.25
48,-5.44
49,-7.82
50,3.16
51,99
52,99
53,-8.59
54,8.11
55,-2.28
56,6.21
57,6.94
58,-7.43
59,99
60,4.56
61,1.26
62,0.29
63,1.26
64,-0.29
65,99
66,-1.6
67,3.4
68,-7.04
69,99
70,3.5
71,-6.21
72,5.44
73,9.27
74,2.38
75,99
76,-8.5
77,99
78,2.28
79,99
80,99
81,3.45
82,3.06
83,-7.67
84,99
85,-1.5
86,2.82
87,6.89
88,-6.07
89,-0.92
90,-3.16
91,99
92,99
93,-1.26
94,8.16
95,0.44
96,3.54
97,99
98,3.3
99,99
100,99
